14,19491.25,1.25,157,5.53
9,19782.50,2.50,177,5.53

19,19910.00,2.50,185,5.53
24,18486.25,2.50,184,5.38
30,18726.25,1.25,162,5.53
35,19133.75,2.50,184,5.53
40,18865.00,1.25,201,5.38
45,18762.50,3.75,202,5.24
50,19896.25,1.25,196,5.24
55,17196.25,2.50,191,5.24
60,18255.00,1.25,246,5.24
66,17607.50,2.50,239,5.67
71,16448.75,1.25,195,5.82
76,12522.50,1.25,32,5.67
81,19160.00,2.50,30,5.53
86,13831.25,0.00,33,5.38
91,19303.75,1.25,34,5.38
97,19801.25,3.75,296,5.24

107,16141.25,1.25,239,5.10
112,15242.50,1.25,139,5.10
117,16283.75,0.00,366,5.10
122,16300.00,1.25,375,5.24
128,20576.25,2.50,334,5.24
133,19606.25,3.75,264,5.24
138,19715.00,3.75,215,5.10
143,20097.50,2.50,38,5.10
148,15757.50,1.25,245,5.10
153,19576.25,3.75,217,5.10
159,19818.75,2.50,293,4.96
164,19678.75,5.00,328,4.96
169,15622.50,1.25,300,4.96
174,16298.75,0.00,140,4.82
179,17680.00,3.75,159,4.68
184,18562.50,2.50,181,4.68
189,15756.25,1.25,74,4.82
195,16498.75,1.25,46,5.82
200,16102.50,1.25,47,5.82
205,15616.25,1.25,48,5.53
210,15890.00,1.25,49,5.10
215,16007.50,2.50,52,5.10
220,14705.00,1.25,48,5.24
226,14890.00,2.50,47,5.53
231,14933.75,2.50,48,5.82
236,14818.75,1.25,57,5.82
241,14955.00,1.25,50,6.11
246,14393.75,1.25,57,6.11
251,13703.75,1.25,42,5.67
257,13693.75,2.50,38,5.53
262,13490.00,0.00,44,6.11
267,12916.25,2.50,37,6.11
272,12893.75,1.25,32,5.67
277,11515.00,1.25,33,5.53
282,13361.25,0.00,30,5.53
288,12310.00,1.25,33,5.53
293,15570.00,1.25,31,5.53
298,14062.50,1.25,43,5.53
303,14850.00,1.25,40,5.67
308,11963.75,0.00,29,5.96
313,13598.75,1.25,30,5.67
319,12628.75,1.25,39,5.82
324,12116.25,1.25,37,6.25
329,13108.75,1.25,41,5.96
334,14153.75,1.25,39,5.67
339,14443.75,2.50,42,5.38
344,14712.50,2.50,43,5.38
350,13445.00,1.25,42,5.82
355,14190.00,0.00,42,5.96
360,15080.00,2.50,46,5.53
365,13460.00,1.25,49,5.38
370,13565.00,1.25,49,5.53
375,14350.00,2.50,47,5.38
381,14596.25,1.25,53,5.38
386,14748.75,1.25,49,5.38
391,14657.50,3.75,50,5.38
396,15168.75,0.00,51,5.38
401,14915.00,0.00,57,5.53
406,16302.50,1.25,38,5.53
412,18487.50,2.50,29,5.53
417,16062.50,1.25,215,5.53
422,17563.75,3.75,37,5.67
427,14467.50,2.50,53,5.82
432,14983.75,1.25,58,5.96
438,14780.00,0.00,50,6.25
443,14506.25,0.00,48,6.85
448,14197.50,2.50,50,7.30
453,13883.75,1.25,49,7.76
458,13082.50,2.50,43,7.15
463,14165.00,1.25,43,7.00
469,14222.50,1.25,46,7.00
474,13266.25,1.25,48,7.30
479,13276.25,1.25,32,7.00
484,12141.25,0.00,35,6.55
489,15390.00,1.25,34,6.11
494,14390.00,1.25,24,5.96
500,14790.00,1.25,25,5.82
505,14461.25,1.25,28,5.82
510,13997.50,1.25,28,5.82
515,12820.00,2.50,25,5.67
520,13797.50,1.25,19,5.67
525,16301.25,0.00,45,5.67
531,17796.25,1.25,59,5.67
536,20930.00,1.25,33,5.82
541,9851.25,2.50,6,5.82
546,10747.50,0.00,22,5.67
551,12293.75,-1.25,45,5.53
556,11416.25,1.25,49,5.53
562,9691.25,0.00,35,5.53
567,11620.00,0.00,31,5.53
572,13442.50,0.00,28,5.53
577,15505.00,2.50,52,5.82
582,15231.25,2.50,47,5.96
588,17120.00,2.50,45,5.96
593,15965.00,2.50,53,5.96
598,14468.75,1.25,49,5.96
603,15062.50,1.25,51,5.96
608,17478.75,1.25,686,7.00
613,17677.50,2.50,661,7.76
619,18043.75,1.25,677,8.23
624,17991.25,3.75,708,8.23
629,15610.00,0.00,64,7.76
634,15783.75,2.50,702,8.07
639,14770.00,2.50,126,7.60
645,20695.00,2.50,356,6.85
650,17971.25,3.75,55,6.25
655,19915.00,3.75,47,6.25
660,20350.00,2.50,50,6.11
665,16418.75,1.25,276,7.15
670,19751.25,3.75,191,7.00
676,19582.50,2.50,404,7.15
681,14451.25,2.50,35,6.85
686,16352.50,1.25,33,6.11
691,14785.00,2.50,35,5.67
696,19376.25,3.75,35,5.67
701,19202.50,1.25,174,6.55
707,16876.25,1.25,230,6.55
712,16438.75,1.25,39,6.40
717,15622.50,1.25,36,5.96
722,14963.75,1.25,35,5.67
727,19893.75,1.25,32,5.53
733,19913.75,1.25,228,5.67
738,20228.75,2.50,195,6.40
743,18926.25,3.75,187,6.70
748,20626.25,2.50,314,6.70
753,20573.75,2.50,302,6.40
758,20760.00,2.50,293,6.25
764,20850.00,3.75,300,6.11
769,20822.50,3.75,285,5.82
774,19565.00,2.50,183,5.82
779,20811.25,2.50,202,5.82
784,20898.75,3.75,291,5.82
790,20557.50,3.75,195,5.53
795,20528.75,3.75,189,5.24
800,20700.00,3.75,245,5.10
805,20750.00,3.75,362,5.67
810,20542.50,2.50,116,5.53
816,20877.50,2.50,416,5.53
821,20532.50,2.50,356,6.11
826,20586.25,3.75,271,6.55
831,20408.75,2.50,266,6.70
836,20621.25,3.75,56,7.00
841,20563.75,2.50,291,7.15
847,20615.00,2.50,282,7.15
852,20695.00,2.50,263,7.15
857,20665.00,3.75,335,7.15
862,20326.25,0.00,48,7.00
867,19367.50,1.25,44,6.55
873,17448.75,1.25,417,6.40
878,20780.00,5.00,285,6.55
883,20673.75,2.50,299,6.40
888,20973.75,2.50,361,6.70
893,20696.25,2.50,336,6.70
899,20943.75,5.00,399,7.00
904,20795.00,3.75,332,6.85
909,20863.75,3.75,332,7.00
914,20826.25,2.50,354,7.45
919,20836.25,2.50,342,7.60
925,20733.75,2.50,360,7.60
930,20697.50,2.50,327,7.76
935,20721.25,2.50,335,7.91
940,20717.50,1.25,328,7.91
945,20740.00,3.75,332,7.91
950,20827.50,2.50,330,7.76
956,20952.50,2.50,241,7.60
961,20921.25,2.50,294,7.30
966,20087.50,1.25,258,7.00
971,20247.50,3.75,231,5.82
976,15265.00,2.50,34,5.67
982,15216.25,1.25,34,5.67
987,15972.50,1.25,37,5.67
992,19451.25,2.50,40,5.53
997,17095.00,2.50,40,5.53
1002,17330.00,1.25,43,5.67
1008,15131.25,1.25,40,5.67
1013,15726.25,2.50,41,5.53
1018,15986.25,2.50,34,5.53
1023,16682.50,2.50,43,5.53
1028,15225.00,1.25,42,5.67
1034,16716.25,1.25,41,5.53
1039,17487.50,1.25,42,5.53
1044,17927.50,2.50,40,5.38
1049,17431.25,2.50,40,5.38
1054,15701.25,0.00,40,5.38
1060,17280.00,1.25,37,5.53
1065,17863.75,2.50,45,5.38
1070,18050.00,1.25,42,5.38
1075,18591.25,0.00,45,5.38
1080,15428.75,0.00,34,5.24
1086,19991.25,2.50,40,5.38

1096,20015.00,2.50,40,5.24

1106,19945.00,2.50,228,5.67

1117,20306.25,1.25,217,6.40

1127,18407.50,1.25,37,7.00

1137,19035.00,2.50,219,6.40

1148,17128.75,2.50,37,6.11

1158,20337.50,0.00,253,5.96

1169,17177.50,2.50,474,5.67

1179,19401.25,2.50,516,5.53

1189,17780.00,1.25,460,6.11

1200,20542.50,2.50,415,5.38

1210,20691.25,3.75,408,5.38

1220,19741.25,3.75,411,5.53

1231,16540.00,2.50,177,6.11

1241,17791.25,1.25,399,6.25

1252,16953.75,2.50,380,6.70

1262,16245.00,2.50,480,7.00

1272,17222.50,0.00,41,6.55

1283,18766.25,1.25,223,7.30

1293,19315.00,2.50,42,7.30

1304,19015.00,2.50,36,7.30

1314,19790.00,2.50,41,6.70

1324,20428.75,2.50,267,7.30

1335,20025.00,2.50,214,7.00

1345,19235.00,3.75,43,6.85

1355,16815.00,2.50,64,6.85

1366,19706.25,1.25,43,6.70

1376,20943.75,3.75,493,7.60

1387,20573.75,2.50,481,7.76

1397,20687.50,2.50,486,7.76

1407,20171.25,3.75,33,7.30

1418,19855.00,2.50,41,6.40

1428,20401.25,2.50,39,5.96

1439,20407.50,3.75,37,6.25

1449,20528.75,3.75,304,6.55

1459,20573.75,2.50,222,6.55

1470,20835.00,2.50,465,6.70

1480,19828.75,1.25,210,6.70

1491,20530.00,1.25,306,7.00

1501,19946.25,1.25,43,7.91

1511,20080.00,1.25,258,8.54

1522,20076.25,1.25,223,9.84

1532,19685.00,2.50,224,11.03
1537,19778.75,1.25,230,10.69
1543,20090.00,5.00,228,10.69
1548,20106.25,5.00,252,10.52
1553,20078.75,2.50,61,10.18
1558,17677.50,2.50,245,10.52
1563,17362.50,1.25,73,9.51
1569,20125.00,2.50,56,8.54
1574,20048.75,2.50,228,8.70
1579,18405.00,3.75,221,8.54
1584,18188.75,1.25,247,8.38
1590,17990.00,2.50,225,9.35
1595,16797.50,1.25,235,10.01
1600,17865.00,2.50,217,9.35
1605,17398.75,1.25,265,9.68
1610,18001.25,2.50,220,9.51
1616,19647.50,3.75,71,9.19
1621,19535.00,1.25,85,9.68
1626,19468.75,1.25,48,8.23
1631,19351.25,3.75,47,7.76
1637,19412.50,2.50,50,7.45
1642,18450.00,2.50,46,7.15
1647,19553.75,2.50,49,7.00
1652,19211.25,2.50,197,6.85
1657,16355.00,0.00,22,7.00
1663,16838.75,2.50,39,6.85
1668,16246.25,2.50,55,6.85
1673,15758.75,2.50,50,6.85
1678,16906.25,1.25,59,6.85
1683,17006.25,2.50,56,6.70
1689,15821.25,2.50,73,6.70
1694,16641.25,1.25,85,6.55
1699,16546.25,0.00,44,6.70
1704,16772.50,2.50,51,6.40
1710,16210.00,0.00,55,6.25
1715,15597.50,2.50,31,6.25
1720,15988.75,1.25,56,6.25
1725,16458.75,1.25,74,6.40
1730,15967.50,1.25,57,6.40
1736,16042.50,2.50,45,6.40
1741,14841.25,1.25,58,6.25
1746,14616.25,0.00,39,6.25
1751,18243.75,1.25,54,6.11
1757,17528.75,3.75,42,6.70
1762,16481.25,0.00,27,7.76
1767,16010.00,0.00,44,8.70
1772,20571.25,2.50,61,9.02
1777,16612.50,2.50,275,9.35
1783,17138.75,1.25,270,10.18
1788,16868.75,2.50,272,10.69
1793,18046.25,2.50,263,10.69
1798,16067.50,1.25,80,9.84
1804,16172.50,1.25,77,9.19
1809,16052.50,2.50,80,8.54
1814,19660.00,1.25,79,7.45
1819,16638.75,1.25,216,8.23
1824,16471.25,2.50,187,7.76
1830,16830.00,2.50,44,7.30
1835,16897.50,2.50,70,7.00
1840,17362.50,1.25,157,6.70
1845,18468.75,2.50,210,6.40
1851,17450.00,2.50,43,6.40
1856,16880.00,0.00,43,7.30
1861,17207.50,2.50,251,7.15
1866,17891.25,2.50,43,6.55
1871,19052.50,3.75,65,6.55
1877,19035.00,2.50,212,7.60
1882,18926.25,3.75,243,8.07
1887,17917.50,3.75,98,7.76
1892,18327.50,3.75,87,7.60
1898,18111.25,2.50,103,7.00
1903,16303.75,2.50,39,7.30
1908,16072.50,2.50,40,7.00
1913,15112.50,1.25,33,6.85
1919,13540.00,0.00,37,6.70
1924,17246.25,2.50,43,6.25
1929,16856.25,3.75,40,6.25
1934,16441.25,1.25,53,6.25
1939,16501.25,2.50,48,6.11
1945,17098.75,2.50,55,6.11
1950,16055.00,0.00,42,5.96
1955,15521.25,1.25,279,6.11
1960,17113.75,2.50,70,6.11
1966,17508.75,2.50,250,5.96
1971,17173.75,2.50,33,6.11
1976,16532.50,1.25,33,6.25
1981,15112.50,1.25,255,7.15
1987,16452.50,2.50,226,7.45
1992,16462.50,1.25,40,7.15
1997,15855.00,2.50,36,6.85
2002,13576.25,2.50,38,6.70
2007,17243.75,2.50,33,6.55
2013,13988.75,2.50,53,6.55
2018,14527.50,2.50,38,6.70
2023,12098.75,1.25,21,6.70
,6.55
2034,13778.75,0.00,26,6.40
2039,14631.25,1.25,24,6.11
2044,15115.00,1.25,36,6.11
2049,13687.50,2.50,40,5.96
2054,13610.00,1.25,54,5.82
2060,14933.75,1.25,58,5.96
2065,14497.50,1.25,48,6.11
2070,14065.00,2.50,67,6.11
2075,13881.25,0.00,26,5.96
2081,14321.25,1.25,31,6.11
2086,17690.00,1.25,24,6.25
2091,14948.75,2.50,35,6.55
2096,14727.50,2.50,31,6.40
2102,17823.75,1.25,33,7.15
2107,17126.25,1.25,33,6.55
2112,18906.25,2.50,37,6.25
2117,16747.50,2.50,29,6.40
2122,19778.75,2.50,18,6.25
2128,15532.50,1.25,24,6.85
2133,15392.50,1.25,33,7.00
2138,17662.50,3.75,38,7.00
2143,17695.00,3.75,38,7.30
2149,16733.75,2.50,36,7.60
2154,14236.25,1.25,36,7.00
2159,13438.75,1.25,31,6.70
2164,13483.75,1.25,30,6.55
2170,15440.00,0.00,22,6.40
2175,14338.75,2.50,27,6.40
2180,14682.50,3.75,30,6.25
2185,14976.25,1.25,37,6.25
2191,14692.50,1.25,40,6.25
2196,15642.50,1.25,34,6.25
2201,17455.00,3.75,302,7.45
2206,17253.75,1.25,43,7.91
2211,17561.25,1.25,256,8.38
2217,17102.50,1.25,261,8.54
2222,17142.50,2.50,263,8.07
2227,18405.00,2.50,265,7.91
2233,18141.25,1.25,284,8.70
2238,17745.00,1.25,306,9.51
2243,18033.75,1.25,272,10.01
2248,16967.50,1.25,283,10.52
2253,16901.25,1.25,274,10.69
2259,18593.75,3.75,325,10.18
2264,19618.75,1.25,273,10.52
2269,16718.75,2.50,283,10.01
2274,15711.25,1.25,243,9.84
2280,14595.00,1.25,257,9.68
2285,14523.75,1.25,37,9.51
2290,15245.00,1.25,270,9.68
2295,15351.25,2.50,272,9.68
2301,14368.75,1.25,40,8.54
2306,12952.50,1.25,168,8.07
2311,15645.00,2.50,28,7.60
2316,15105.00,1.25,25,7.45
2322,15605.00,1.25,31,7.30
2327,14607.50,1.25,35,7.00
2332,12932.50,0.00,28,7.00
2337,14490.00,1.25,34,6.85
2343,14647.50,0.00,31,6.55
2348,14540.00,2.50,268,6.55
2353,13476.25,1.25,39,6.70
2358,19778.75,5.00,15,6.85
2364,19756.25,2.50,269,7.60
2369,18051.25,2.50,272,8.54
2374,15026.25,1.25,278,9.02
2379,17071.25,1.25,43,8.54
2385,16185.00,2.50,46,8.07
2390,15903.75,1.25,49,7.30
2395,16908.75,2.50,46,6.85
2400,19703.75,1.25,250,7.30
2406,17571.25,2.50,240,7.30
2411,17662.50,1.25,254,7.00
2416,17377.50,1.25,244,6.70
2421,18727.50,3.75,236,6.55
2427,16977.50,2.50,223,6.25
2432,17532.50,3.75,251,6.25
2437,17452.50,1.25,260,6.25
2442,17875.00,1.25,264,6.25
2448,17797.50,1.25,109,6.25
2453,17877.50,1.25,263,6.25
2458,18012.50,1.25,269,6.25
2463,17892.50,1.25,257,6.25
2469,18165.00,2.50,278,6.25
2474,18226.25,1.25,280,6.40
2479,17861.25,1.25,340,6.40
2484,17727.50,2.50,295,6.55
2490,17827.50,0.00,287,6.55
2495,17488.75,1.25,297,6.40
2500,18211.25,3.75,311,6.55
2505,18220.00,2.50,310,7.30
2511,18626.25,1.25,306,7.00
2516,17961.25,3.75,331,6.85
2521,18831.25,1.25,325,7.45
2526,18402.50,2.50,48,6.85
2532,18628.75,5.00,48,6.55
2537,19845.00,5.00,284,7.15
2542,19842.50,1.25,285,8.23
2547,18486.25,2.50,287,8.70
2553,19763.75,3.75,290,8.86
2558,19767.50,3.75,274,8.86
2563,19831.25,1.25,275,8.86
2568,19776.25,1.25,276,8.86
2574,19915.00,1.25,47,8.23
2579,19972.50,3.75,323,8.54
2584,20098.75,3.75,327,8.86
2589,20183.75,3.75,358,8.86
2595,18752.50,2.50,308,9.19
2600,20165.00,2.50,35,8.86
2605,19833.75,1.25,43,8.70
2611,17478.75,1.25,45,7.76
2616,19987.50,3.75,303,7.60
2621,19941.25,2.50,313,8.23
2626,20066.25,2.50,308,8.54
2632,20020.00,1.25,331,8.54
2637,19942.50,2.50,306,8.86
2642,19900.00,1.25,315,9.35
2647,19905.00,0.00,301,9.02
2653,19957.50,3.75,247,8.86
2658,19931.25,2.50,48,8.07
2663,20287.50,2.50,336,8.38
2668,20417.50,3.75,294,8.38
2674,20027.50,2.50,300,8.70
2679,20715.00,3.75,300,9.02
2684,20596.25,3.75,297,9.19
2689,19997.50,2.50,293,8.86
2695,20236.25,1.25,288,9.19
2700,20243.75,2.50,297,9.35
2705,20565.00,2.50,309,9.51
2710,20830.00,2.50,305,9.35
2716,20216.25,2.50,314,8.86
2721,20335.00,1.25,314,8.54
2726,20062.50,5.00,274,8.07
2731,20503.75,2.50,53,7.30
2737,20848.75,3.75,52,7.30
2742,20276.25,2.50,318,8.07
2747,19072.50,3.75,313,8.38
2752,17853.75,2.50,312,8.38
2758,19972.50,1.25,315,8.38
2763,20488.75,3.75,313,7.91
2768,20433.75,1.25,322,8.38
2774,20745.00,1.25,320,8.86
2779,20026.25,5.00,322,8.86
2784,20252.50,2.50,319,8.86
2789,19990.00,2.50,324,9.35
2795,20196.25,2.50,314,9.35
2800,20107.50,3.75,327,9.51
2805,20032.50,2.50,310,9.68
2810,20172.50,1.25,313,9.68
2816,20141.25,3.75,321,10.18
2821,20085.00,2.50,321,10.01
2826,20712.50,2.50,324,9.68
2831,20198.75,2.50,322,9.35
2837,20853.75,3.75,326,9.19
2842,20787.50,2.50,326,9.02
2847,20021.25,3.75,327,9.35
2852,20835.00,1.25,328,9.35
2858,20822.50,3.75,326,9.19
2863,20676.25,2.50,326,9.19
2868,20806.25,0.00,326,9.35
2874,20808.75,2.50,325,9.35
2879,20798.75,3.75,326,9.19
2884,20796.25,1.25,327,9.35
2889,20802.50,3.75,326,9.19
2895,20806.25,3.75,328,9.19
2900,20801.25,3.75,330,9.35
2905,20788.75,2.50,329,9.35
2910,20792.50,2.50,327,9.68
2916,20788.75,2.50,329,9.19
2921,20780.00,5.00,328,9.19
2926,20778.75,3.75,331,9.19
2931,20773.75,1.25,332,9.02
2937,20208.75,2.50,333,8.86
2942,20788.75,3.75,333,8.70
2947,20806.25,3.75,332,8.38
2953,20806.25,2.50,333,8.38
2958,20778.75,1.25,334,8.54
2963,20806.25,3.75,337,8.38
2968,20830.00,3.75,339,8.38
2974,20818.75,3.75,337,8.54
2979,20820.00,2.50,332,8.70
2984,20818.75,2.50,338,8.70
2989,20825.00,2.50,339,8.54
2995,20827.50,2.50,338,8.70
3000,20812.50,3.75,337,8.86
3005,20798.75,2.50,337,8.70
3010,20796.25,3.75,336,8.86
3016,20798.75,5.00,334,9.02
3021,20785.00,2.50,333,9.35
3026,20791.25,2.50,334,9.35
3032,20807.50,2.50,338,9.51
3037,20797.50,3.75,338,9.35
3042,20813.75,2.50,340,9.19
3047,20820.00,3.75,341,9.02
3053,20801.25,2.50,345,8.54
3058,20796.25,2.50,335,8.54
3063,20795.00,1.25,337,8.86
3068,20816.25,1.25,339,8.86
3074,20806.25,2.50,340,8.70
3079,20806.25,2.50,344,9.02
3084,20805.00,3.75,343,9.19
3090,20785.00,3.75,335,9.35
3095,20796.25,3.75,339,9.35
3100,20793.75,2.50,340,9.68
3105,20781.25,2.50,338,9.68
3111,20776.25,2.50,335,9.51
3116,20757.50,3.75,330,9.68
3121,20713.75,3.75,330,9.35
3126,20708.75,3.75,321,9.19
3132,20713.75,3.75,320,9.02
3137,20716.25,2.50,318,9.02
3142,20697.50,2.50,320,9.19
3148,20713.75,1.25,319,9.19
3153,20701.25,5.00,320,9.51
3158,20702.50,5.00,318,9.84
3163,20706.25,3.75,320,9.84
3169,20713.75,1.25,321,9.84
3174,20717.50,1.25,317,9.68
3179,20755.00,2.50,330,9.35
3184,20743.75,2.50,323,9.35
3190,20143.75,3.75,333,9.19
3195,19857.50,2.50,325,9.19
3200,20680.00,0.00,320,9.19
3206,20511.25,2.50,320,9.35
3211,20593.75,3.75,319,9.35
3216,20415.00,3.75,323,9.51
3221,20723.75,1.25,321,9.68
3227,19943.75,3.75,322,9.84
3232,20598.75,3.75,321,9.51
3237,20258.75,2.50,326,9.35
3243,20777.50,2.50,329,9.19
3248,19841.25,2.50,325,8.70
3253,20098.75,1.25,51,8.07
3258,20230.00,2.50,48,7.15
3264,20800.00,2.50,49,6.85
3269,20782.50,2.50,332,7.60
3274,20806.25,5.00,332,7.91
3279,20797.50,3.75,332,8.07
3285,20818.75,2.50,332,8.23
3290,20601.25,1.25,329,7.91
3295,20208.75,1.25,48,7.15
3301,20786.25,1.25,189,7.00
3306,20806.25,3.75,329,7.76
3311,20037.50,3.75,332,8.38
3316,20228.75,2.50,331,8.86
3322,19961.25,2.50,329,9.02
3327,20736.25,3.75,326,9.02
3332,20276.25,2.50,47,8.70
3338,20021.25,3.75,329,8.07
3343,20797.50,2.50,331,8.07
3348,20376.25,2.50,334,8.07
3353,19980.00,2.50,331,8.23
3359,20093.75,1.25,332,8.54
3364,20810.00,3.75,334,8.70
3369,20818.75,2.50,333,8.86
3375,20806.25,2.50,336,9.35
3380,20817.50,2.50,344,9.68
3385,20843.75,2.50,331,9.68
3390,20805.00,3.75,338,9.35
3396,20828.75,2.50,343,9.19
3401,20856.25,2.50,352,9.02
3406,20858.75,3.75,354,8.86
3411,20852.50,1.25,357,8.86
3417,20853.75,2.50,358,8.70
3422,20872.50,3.75,362,8.54
3427,20865.00,1.25,364,8.70
3433,20861.25,2.50,363,8.54
3438,20871.25,3.75,363,8.86
3443,20872.50,2.50,366,9.02
3448,20873.75,3.75,367,9.02
3454,20827.50,1.25,356,8.86
3459,20811.25,2.50,353,9.02
3464,20811.25,2.50,351,9.35
3470,20801.25,3.75,347,9.51
3475,20805.00,3.75,358,9.35
3480,20796.25,2.50,356,9.35
3485,20777.50,2.50,351,9.51
3491,20808.75,1.25,354,9.84
3496,20793.75,2.50,354,9.68
3501,20800.00,2.50,358,9.51
3507,20812.50,3.75,352,9.35
3512,20817.50,2.50,358,9.19
3517,20840.00,3.75,350,9.35
3522,20786.25,2.50,349,9.35
3528,20803.75,2.50,355,9.19
3533,20801.25,3.75,353,9.19
3538,20830.00,3.75,362,9.19
3544,20830.00,2.50,355,9.35
3549,20803.75,2.50,365,9.19
3554,20812.50,2.50,355,9.02
3559,20786.25,3.75,357,9.19
3565,20815.00,3.75,359,9.35
3570,20840.00,3.75,363,9.02
3575,20837.50,2.50,364,9.02
3581,20833.75,2.50,364,9.19
3586,20857.50,2.50,367,9.35
3591,20831.25,1.25,366,9.35
3597,20817.50,1.25,361,9.68
3602,20816.25,3.75,364,10.01
3607,20826.25,3.75,359,10.18
3612,20828.75,1.25,360,10.18
3618,20808.75,2.50,364,9.84
3623,20813.75,3.75,358,9.51
3628,20812.50,2.50,359,9.35
3634,20826.25,2.50,357,9.35
3639,20811.25,3.75,360,9.35
3644,20490.00,2.50,357,9.19
3650,20810.00,2.50,53,9.19
3655,20830.00,2.50,366,9.19
3660,20823.75,2.50,362,9.19
3665,20818.75,3.75,354,9.51
3671,20368.75,2.50,360,9.35
3676,20776.25,2.50,355,9.35
3681,20798.75,2.50,358,9.19
3687,20820.00,2.50,361,9.02
3692,20808.75,3.75,362,9.35
3697,20788.75,2.50,362,9.35
3703,20001.25,1.25,359,9.51
3708,20162.50,1.25,356,9.35
3713,20138.75,0.00,349,9.51
3718,20447.50,3.75,359,9.68
3724,20855.00,2.50,383,9.51
3729,17476.25,2.50,378,9.68
3734,16725.00,2.50,80,8.38
3740,17260.00,1.25,61,7.60
3745,17726.25,2.50,106,8.07
3750,17743.75,3.75,80,7.76
3755,17962.50,1.25,74,7.45
3761,17763.75,0.00,97,7.91
3766,18207.50,3.75,79,8.38
3771,16897.50,2.50,109,8.38
3777,16433.75,2.50,58,8.23
3782,17642.50,1.25,65,8.38
3787,17863.75,1.25,105,8.38
3793,18241.25,2.50,115,8.70
3798,18060.00,3.75,117,9.19
3803,18355.00,1.25,121,9.19
3808,17971.25,2.50,103,9.02
3814,17201.25,2.50,134,8.38
3819,17618.75,1.25,75,7.91
3824,17567.50,2.50,87,7.45
3830,18147.50,2.50,83,8.23
3835,16467.50,1.25,86,8.23
3840,17550.00,1.25,97,8.07
3846,17581.25,3.75,82,8.23
3851,17638.75,2.50,84,8.38
3856,17496.25,1.25,83,8.23
3861,17421.25,2.50,81,7.76
3867,17261.25,2.50,81,8.38
3872,16866.25,2.50,79,8.38
3877,17500.00,1.25,102,8.38
3883,17365.00,2.50,85,8.38
3888,17401.25,1.25,80,7.91
3893,17365.00,2.50,70,8.23
3899,17627.50,3.75,101,8.54
3904,17826.25,3.75,95,8.38
3909,17521.25,2.50,82,8.38
3915,17431.25,1.25,81,8.70
3920,17378.75,2.50,81,8.38
3925,17433.75,2.50,80,8.70
3930,17375.00,2.50,80,8.23
3936,17501.25,1.25,80,8.38
3941,17480.00,1.25,82,8.54
3946,17508.75,2.50,82,8.38
3952,17475.00,1.25,81,7.91
3957,17418.75,1.25,81,8.23
3962,17392.50,1.25,81,8.70
3968,17418.75,3.75,81,8.23
3973,17275.00,2.50,80,8.54
3978,17260.00,1.25,78,8.07
3983,17425.00,2.50,80,8.23
3989,17427.50,2.50,81,7.76
3994,17455.00,1.25,81,7.91
3999,17600.00,2.50,83,8.07
4005,17602.50,2.50,84,8.23
4010,17602.50,2.50,84,8.23
4015,17626.25,1.25,84,8.38
4021,17641.25,2.50,84,8.54
4026,17652.50,3.75,84,8.23
4031,17587.50,1.25,84,8.07
4037,17623.75,1.25,85,7.76
4042,17625.00,2.50,84,7.91
4047,17620.00,2.50,84,8.07
4052,17623.75,2.50,84,8.23
4058,17625.00,2.50,84,8.70
4063,17627.50,2.50,84,8.38
4068,17587.50,1.25,84,8.54
4074,17577.50,1.25,83,8.23
4079,17506.25,1.25,83,8.23
4084,17383.75,1.25,80,7.91
4090,17458.75,1.25,81,8.23
4095,17462.50,3.75,82,8.70
4100,17462.50,2.50,82,9.19
4106,17647.50,2.50,81,8.07
4111,17686.25,2.50,85,8.07
4116,17708.75,1.25,86,8.23
4121,17645.00,1.25,86,8.07
4127,17648.75,2.50,85,7.76
4132,17633.75,2.50,85,7.76
4137,17443.75,2.50,84,8.07
4143,17390.00,2.50,83,8.23
4148,17543.75,3.75,81,7.91
4153,17533.75,2.50,83,8.23
4159,17551.25,2.50,83,8.23
4164,17525.00,1.25,83,8.86
4169,17515.00,3.75,83,8.38
4175,17545.00,2.50,82,8.23
4180,17515.00,2.50,83,8.38
4185,17511.25,1.25,83,8.54
4191,17526.25,2.50,83,8.86
4196,17500.00,1.25,83,8.86
4201,17505.00,2.50,83,9.19
4206,17410.00,2.50,81,8.70
4212,17486.25,1.25,81,7.45
4217,17692.50,2.50,84,8.23
4222,17645.00,2.50,86,8.70
4228,17658.75,2.50,85,8.23
4233,17665.00,1.25,85,8.07
4238,17673.75,2.50,85,7.91
4244,17717.50,2.50,86,7.76
4249,17817.50,1.25,88,8.23
4254,17783.75,1.25,89,9.02
4260,17643.75,2.50,85,8.54
4265,17633.75,0.00,85,8.54
4270,17645.00,3.75,85,8.70
4276,17642.50,3.75,85,8.23
4281,17645.00,2.50,85,8.38
4286,17640.00,2.50,85,8.86
4291,17672.50,2.50,85,8.54
4297,17660.00,2.50,86,9.02
4302,17652.50,1.25,86,9.51
4307,17666.25,2.50,86,9.68
4313,17671.25,0.00,87,9.19
4318,17662.50,1.25,86,9.35
4323,17645.00,1.25,86,9.35
4329,17647.50,1.25,86,9.84
4334,17650.00,1.25,86,9.68
4339,17632.50,2.50,85,9.35
4345,17637.50,2.50,86,9.19
4350,17643.75,2.50,86,9.02
4355,17638.75,1.25,86,9.02
4361,17693.75,1.25,86,8.54
4366,17662.50,1.25,87,8.86
4371,17633.75,1.25,87,8.38
4377,17672.50,2.50,86,8.07
4382,17645.00,3.75,86,8.23
4387,17653.75,2.50,86,8.38
4393,17672.50,2.50,86,8.86
4398,17671.25,2.50,86,8.86
4403,17671.25,2.50,86,9.02
4408,17662.50,2.50,87,8.54
4414,17688.75,2.50,87,8.54
4419,17695.00,2.50,87,8.86
4424,18097.50,2.50,87,9.19
4430,17732.50,3.75,151,9.84
4435,17660.00,1.25,92,10.18
4440,17630.00,2.50,87,8.70
4446,17652.50,1.25,87,8.38
4451,17642.50,1.25,87,8.70
4456,17643.75,2.50,88,9.19
4462,17621.25,1.25,87,8.54
4467,17642.50,2.50,87,9.02
4472,17647.50,3.75,87,8.38
4478,17641.25,1.25,87,8.54
4483,17685.00,2.50,87,8.54
4488,17560.00,1.25,88,8.23
4494,17708.75,2.50,87,7.91
4499,17720.00,1.25,89,8.70
4504,17717.50,1.25,89,8.86
4510,17725.00,2.50,89,8.70
4515,17703.75,3.75,88,9.02
4520,17702.50,1.25,88,8.86
4526,17682.50,3.75,88,9.35
4531,17641.25,2.50,88,9.35
4536,17651.25,1.25,88,8.86
4542,17680.00,2.50,87,8.38
4547,17802.50,2.50,91,8.38
4552,17655.00,2.50,90,8.38
4557,17675.00,1.25,86,8.70
4563,17723.75,3.75,89,8.54
4568,17696.25,1.25,88,8.86
4573,17715.00,3.75,89,8.54
4579,17703.75,2.50,88,8.86
4584,17706.25,2.50,88,9.51
4589,17698.75,1.25,89,9.51
4595,17663.75,0.00,90,9.51
4600,17733.75,5.00,88,9.51
4605,17655.00,2.50,90,9.68
4611,17668.75,1.25,87,9.84
4616,17645.00,1.25,88,9.68
4621,17688.75,2.50,89,9.19
4627,17641.25,1.25,88,9.51
4632,17665.00,3.75,88,9.02
4637,17655.00,3.75,88,9.19
4643,17662.50,2.50,89,8.70
4648,17752.50,1.25,89,8.54
4653,17673.75,3.75,88,8.70
4659,17692.50,2.50,88,8.86
4664,17677.50,1.25,88,9.02
4669,17642.50,3.75,88,8.70
4675,17668.75,3.75,89,9.19
4680,17676.25,2.50,88,9.02
4685,17666.25,1.25,88,9.02
4691,17655.00,2.50,88,8.54
4696,17666.25,1.25,87,8.54
4701,17662.50,0.00,89,8.86
4707,17650.00,3.75,88,9.02
4712,17636.25,1.25,87,9.19
4717,17640.00,1.25,88,8.86
4723,17680.00,2.50,88,9.35
4728,17745.00,3.75,89,9.84
4733,17657.50,2.50,89,9.51
4739,17621.25,0.00,85,9.51
4744,17661.25,1.25,87,10.18
4749,17615.00,2.50,88,9.68
4755,17648.75,3.75,87,8.38
4760,17648.75,2.50,89,8.38
4765,17685.00,2.50,89,8.23
4771,17720.00,2.50,88,8.70
4776,17731.25,2.50,89,8.70
4781,17693.75,2.50,90,9.51
4787,17735.00,2.50,89,9.84
4792,17681.25,2.50,90,10.01
4797,17688.75,1.25,88,9.84
4803,17638.75,2.50,89,10.01
4808,17778.75,2.50,89,9.84
4813,17907.50,3.75,86,9.35
4819,17710.00,2.50,95,8.70
4824,17838.75,1.25,91,9.02
4829,17831.25,3.75,91,8.86
4835,18022.50,3.75,94,8.86
4840,17775.00,1.25,87,9.68
4845,17700.00,2.50,86,9.19
4851,17747.50,1.25,86,9.02
4856,17778.75,2.50,87,9.51
4861,17663.75,1.25,91,9.35
4867,17776.25,2.50,85,9.35
4872,17797.50,1.25,87,9.35
4877,17875.00,0.00,85,9.35
4883,17777.50,2.50,88,9.35
4888,17831.25,1.25,88,9.35
4893,17948.75,2.50,88,8.70
4899,17872.50,1.25,86,8.86
4904,17855.00,3.75,87,9.68
4909,17887.50,3.75,89,9.84
4915,17852.50,2.50,89,9.84
4920,17823.75,2.50,88,9.35
4925,17782.50,2.50,90,9.51
4931,17802.50,1.25,88,8.86
4936,17825.00,2.50,89,9.02
4941,17825.00,1.25,87,8.86
4947,17743.75,2.50,87,8.86
4952,17496.25,1.25,86,9.02
4957,17533.75,2.50,86,9.19
4963,17637.50,2.50,87,8.70
4968,17608.75,1.25,88,9.19
4973,17556.25,1.25,88,9.19
4979,17646.25,2.50,87,9.19
4984,17718.75,2.50,89,9.35
4989,17168.75,2.50,89,9.02
4995,17635.00,1.25,91,9.51
5000,17667.50,2.50,88,9.35
5005,17636.25,3.75,89,9.19
5011,17647.50,2.50,88,9.35
5016,17646.25,1.25,89,9.02
5022,17651.25,1.25,89,8.86
5027,17748.75,1.25,90,8.86
5032,17661.25,1.25,90,8.86
5038,17686.25,2.50,89,9.19
5043,17783.75,2.50,91,9.19
5048,17453.75,2.50,79,9.35
5054,17671.25,2.50,113,9.19
5059,17666.25,1.25,89,9.19
5064,17648.75,1.25,88,9.02
5070,17618.75,3.75,88,9.19
5075,17692.50,1.25,88,8.86
5080,17631.25,2.50,91,8.86
5086,17631.25,2.50,88,9.51
5091,17632.50,2.50,88,9.51
5096,17631.25,1.25,88,9.19
5102,17672.50,0.00,88,9.19
5107,17636.25,2.50,87,9.51
5112,17618.75,2.50,90,9.84
5118,17703.75,2.50,89,9.51
5123,17667.50,1.25,91,9.02
5128,17725.00,2.50,90,9.84
5134,18053.75,2.50,89,9.19
5139,17623.75,2.50,88,9.51
5145,17661.25,3.75,90,9.02
5150,17652.50,1.25,89,8.86
5155,17668.75,2.50,89,9.35
5161,17633.75,3.75,88,9.19
5166,17628.75,2.50,89,9.35
5171,17651.25,1.25,89,9.84
5177,17685.00,1.25,89,9.51
5182,17665.00,0.00,90,9.51
5187,17686.25,2.50,90,9.19
5193,17631.25,2.50,89,9.84
5198,17665.00,2.50,89,9.68
5203,17717.50,2.50,90,9.51
5209,17885.00,3.75,97,9.51
5214,17882.50,2.50,94,10.01
5219,17931.25,2.50,94,9.68
5225,17252.50,1.25,88,9.68
5230,17222.50,0.00,83,9.51
5235,17266.25,2.50,84,9.68
5241,17516.25,1.25,85,9.84
5246,18291.25,2.50,86,10.35
5252,18496.25,2.50,138,10.69
5257,18578.75,2.50,165,11.03
5262,18597.50,2.50,170,11.03
5268,18772.50,2.50,173,10.86
5273,18672.50,2.50,180,10.86
5278,18656.25,3.75,186,10.69
5284,18427.50,1.25,175,10.18
5289,18628.75,1.25,167,10.35
5294,18632.50,2.50,181,10.69
5300,18630.00,2.50,177,11.38
5305,17707.50,3.75,114,10.69
5310,18150.00,2.50,88,10.01
5316,18022.50,1.25,96,9.68
5321,18050.00,2.50,122,9.35
5326,18073.75,1.25,126,10.18
5332,18007.50,1.25,128,11.03
5337,18025.00,1.25,128,11.21
5343,17996.25,1.25,123,10.69
5348,18378.75,2.50,132,10.86
5353,18445.00,3.75,131,10.01
5359,17360.00,1.25,129,9.68
5364,17957.50,0.00,130,9.84
5369,17737.50,1.25,94,9.68
5375,18503.75,1.25,98,10.52
5380,18323.75,2.50,103,11.21
5385,17626.25,2.50,101,11.56
5391,17083.75,1.25,117,12.28
5396,18130.00,2.50,104,12.10
5401,17767.50,2.50,119,11.03
5407,17435.00,2.50,77,11.21
5412,17196.25,2.50,87,11.38
5418,17357.50,1.25,77,11.21
5423,17015.00,2.50,95,11.21
5428,17898.75,2.50,65,11.21
5434,19691.25,2.50,739,10.35
5439,20982.50,3.75,321,10.01
5444,17416.25,2.50,78,9.51
5450,17191.25,1.25,72,9.84
5455,17301.25,1.25,75,9.35
5460,17421.25,1.25,82,9.51
5466,17122.50,1.25,75,10.01
5471,17570.00,1.25,74,9.68
5477,18032.50,1.25,56,8.86
5482,16457.50,1.25,276,8.86
5487,16396.25,2.50,69,9.35
5493,13193.75,1.25,55,9.35
5498,16207.50,1.25,45,9.51
5503,9736.25,0.00,17,9.84
5509,7270.00,-2.50,6,10.52
5514,7080.00,1.25,8,10.86
5519,8257.50,0.00,7,11.21
5525,7910.00,0.00,9,11.38
5530,8065.00,-1.25,9,11.56
5535,8100.00,0.00,9,11.56
5541,8107.50,0.00,9,11.56
5546,8163.75,0.00,9,11.56
5552,8246.25,0.00,9,11.56
5557,8251.25,0.00,9,11.56
5562,8240.00,1.25,9,11.56
5568,8246.25,1.25,9,11.56
5573,8255.00,0.00,9,11.74
5578,8245.00,0.00,9,11.92
5584,8237.50,0.00,9,11.92
5589,7883.75,1.25,8,11.92
5594,7608.75,0.00,9,11.92
5600,7486.25,0.00,8,12.10
5605,7555.00,0.00,8,12.10
5611,7515.00,0.00,8,12.10
5616,7538.75,0.00,8,12.28
5621,7572.50,-1.25,8,12.46
5627,7647.50,0.00,8,12.64
5632,7622.50,0.00,8,12.64
5637,7693.75,1.25,8,12.83
5643,6522.50,0.00,8,12.83
5648,6693.75,0.00,4,12.83
5653,7548.75,1.25,7,13.01
5659,6132.50,1.25,7,13.20
5664,7292.50,0.00,3,13.20
5670,7160.00,0.00,3,13.39
5675,6803.75,0.00,2,13.20
5680,7115.00,-1.25,3,13.39
5686,5751.25,-1.25,3,13.39
5691,5597.50,0.00,2,13.39
5696,5998.75,0.00,2,13.58
5702,11607.50,0.00,2,13.58
5707,8521.25,0.00,5,13.96
5712,12053.75,2.50,3,14.16
5718,11597.50,1.25,4,14.16
5723,8635.00,0.00,4,14.16
5729,10908.75,0.00,9,14.75
5734,16148.75,1.25,7,14.94
5739,8566.25,0.00,6,14.75
5745,9486.25,0.00,12,15.15
,15.97
5755,6173.75,1.25,5,16.17
5761,5933.75,-1.25,2,16.17
5766,6378.75,0.00,3,16.17
5771,6663.75,-1.25,3,15.97
5777,14646.25,1.25,13,15.97
5782,9452.50,1.25,218,15.97
5788,17116.25,2.50,4,15.97
5793,10382.50,0.00,4,15.76
5798,7240.00,0.00,5,15.76
5804,8370.00,-1.25,7,15.15
5809,19115.00,3.75,9,14.35
5814,15256.25,1.25,324,13.01
5820,15507.50,0.00,45,11.21
5825,16741.25,1.25,44,9.84
5831,19258.75,1.25,81,10.86
5836,16618.75,2.50,139,11.74
5841,16626.25,2.50,55,11.56
5847,16511.25,2.50,311,10.18
5852,16522.50,1.25,57,9.19
5857,16731.25,1.25,59,8.38
5863,17078.75,1.25,63,7.76
5868,16975.00,0.00,75,7.30
5874,14325.00,1.25,71,7.45
5879,13785.00,1.25,23,7.60
5884,14092.50,0.00,20,7.45
5890,13718.75,0.00,22,7.30
5895,13906.25,1.25,29,7.30
5900,13968.75,0.00,29,7.15
5906,14032.50,1.25,29,7.30
5911,14083.75,0.00,23,7.30
5917,14436.25,1.25,25,7.30
5922,15543.75,2.50,30,7.45
5927,15382.50,2.50,38,7.45
5933,15401.25,2.50,41,7.45
5938,15282.50,2.50,36,7.45
5943,20612.50,2.50,46,7.45
5949,21787.50,2.50,626,8.38
5954,21922.50,2.50,927,9.35
5960,21741.25,3.75,820,10.01
5965,21532.50,2.50,765,10.18
5970,21673.75,2.50,938,10.69
5976,21876.25,3.75,890,10.52

5986,21823.75,3.75,1006,11.03
5992,21787.50,3.75,977,11.92
5997,21743.75,2.50,575,12.64
6003,20991.25,2.50,475,13.20
6008,20831.25,3.75,931,13.77
6013,21517.50,2.50,723,12.83
6019,21432.50,2.50,574,13.20
6024,21422.50,2.50,645,13.39
6029,21601.25,3.75,610,14.55
6035,21595.00,2.50,880,15.15
6040,21568.75,3.75,935,15.35
6046,18095.00,1.25,554,15.97
6051,21191.25,3.75,133,15.97
6056,18247.50,3.75,120,15.35
6062,18608.75,2.50,191,12.64
6067,18732.50,2.50,261,11.92
6072,18661.25,3.75,259,11.56
6078,18612.50,2.50,238,10.69
6083,18763.75,2.50,220,10.69
6089,18227.50,1.25,128,10.35
6094,18233.75,1.25,128,9.84
6099,18227.50,2.50,127,9.35
6105,18148.75,2.50,122,8.70
6110,18625.00,2.50,169,8.54
6116,18386.25,1.25,247,8.86
6121,19036.25,1.25,196,8.70
6126,18443.75,1.25,530,9.35
6132,17868.75,1.25,176,9.19
6137,18423.75,2.50,272,9.35
6142,19015.00,2.50,130,9.51
6148,18503.75,2.50,111,9.51
6153,18186.25,2.50,115,9.68
6159,18181.25,2.50,116,9.68
6164,19892.50,2.50,117,9.35
6169,18493.75,2.50,125,9.51
6175,18413.75,1.25,135,9.19
6180,18446.25,1.25,128,9.02
6186,19291.25,2.50,368,8.70
6191,19000.00,2.50,135,8.86
6196,19378.75,3.75,214,8.70
6202,18540.00,1.25,484,8.54
6207,18256.25,2.50,120,8.54
6212,18366.25,1.25,125,8.54
6218,21792.50,3.75,120,9.19
6223,21715.00,2.50,1027,10.52
6229,21493.75,3.75,990,11.38
6234,21153.75,2.50,1020,12.28
6239,21018.75,2.50,673,13.39
6245,20778.75,3.75,613,13.96
6250,18051.25,2.50,486,14.35
6256,19841.25,2.50,316,12.83
6261,19201.25,2.50,284,12.83
6266,21493.75,5.00,839,11.92
6272,21578.75,3.75,886,12.83
6277,21513.75,2.50,948,13.77
6282,21435.00,2.50,928,14.55
6288,20925.00,0.00,891,14.16
6293,20902.50,2.50,708,13.77
6299,20832.50,3.75,430,13.96
6304,20822.50,0.00,606,14.16
6309,21040.00,3.75,602,13.96
6315,20960.00,2.50,772,13.58
6320,20977.50,1.25,625,14.55
6326,20875.00,3.75,657,15.35
6331,21055.00,2.50,659,15.15
6336,20881.25,3.75,678,15.15
6342,20418.75,2.50,533,14.55
6347,20118.75,3.75,489,13.58
6353,20111.25,2.50,492,12.28
6358,21062.50,2.50,468,12.28
6363,21148.75,3.75,728,13.39
6369,20656.25,3.75,787,13.39
6374,20300.00,3.75,505,11.92
6380,20022.50,2.50,483,11.21
6385,19918.75,2.50,480,9.84
6390,20342.50,2.50,504,9.19
6396,20468.75,3.75,541,9.19
6401,20142.50,0.00,490,9.19
6407,20523.75,2.50,536,9.35
6412,20518.75,2.50,521,9.19
6417,20766.25,3.75,575,9.19
6423,21028.75,1.25,553,9.84
6428,20667.50,1.25,628,10.86
6434,20612.50,2.50,595,11.38
6439,20752.50,2.50,618,11.56
6444,20725.00,1.25,604,11.56
6450,20661.25,3.75,617,12.28
6455,20867.50,2.50,558,12.10
6461,20585.00,3.75,636,12.83
6466,20566.25,1.25,593,12.46
6471,20293.75,3.75,535,12.28
6477,17875.00,0.00,228,12.64
6482,17501.25,2.50,222,12.64
6488,17540.00,2.50,194,11.74
6493,17792.50,3.75,234,11.03
6498,18430.00,0.00,188,11.03
6504,18503.75,3.75,305,10.52
6509,18446.25,2.50,273,10.86
6515,18820.00,1.25,287,11.21
6520,18297.50,2.50,221,11.21
6525,17980.00,2.50,235,11.21
6531,18355.00,1.25,237,11.38
6536,18575.00,2.50,266,11.21
6542,20342.50,2.50,487,11.92
6547,20157.50,0.00,424,12.46
6552,19253.75,3.75,430,13.20
6558,19683.75,2.50,433,13.39
6563,19946.25,2.50,438,13.77
6569,19636.25,2.50,406,13.77
6574,19802.50,5.00,379,13.20
6579,19840.00,2.50,424,13.01
6585,18681.25,2.50,306,11.92
6590,18110.00,2.50,190,11.38
6596,17348.75,1.25,228,11.38
6601,18675.00,1.25,351,10.69
6606,17415.00,1.25,187,10.35
6612,17931.25,0.00,178,10.01
6617,17743.75,2.50,209,10.01
6623,17995.00,1.25,212,9.84
6628,18811.25,1.25,212,10.18
6633,19103.75,1.25,299,10.35
6639,19848.75,1.25,315,10.52
6644,21238.75,3.75,572,11.03
6650,21085.00,2.50,684,11.92
6655,21222.50,3.75,685,12.28
6660,21365.00,3.75,684,12.83
6666,21108.75,2.50,734,13.39
6671,20945.00,2.50,740,13.39
6677,21352.50,2.50,751,13.77
6682,21111.25,2.50,766,14.16
6687,20655.00,2.50,646,13.58
6693,21406.25,5.00,510,11.74
6698,20977.50,2.50,658,12.28
6704,21448.75,2.50,724,13.20
6709,21380.00,5.00,682,13.96
6714,21362.50,2.50,743,14.75
6720,21038.75,5.00,705,14.75
6725,20965.00,1.25,668,14.35
6731,21248.75,2.50,638,14.16
6736,20183.75,3.75,526,14.16
6741,20937.50,3.75,504,13.77
6747,21120.00,2.50,533,14.16
6752,21103.75,1.25,460,12.46
6758,18867.50,5.00,527,12.46
6763,20966.25,5.00,71,11.56
6768,20770.00,2.50,381,12.28
6774,21056.25,3.75,388,12.28
6779,21125.00,2.50,578,12.28
6785,20983.75,2.50,802,12.64
6790,21161.25,3.75,57,12.10
6796,21148.75,3.75,750,12.28
6801,21386.25,2.50,70,12.28
6806,21247.50,2.50,663,13.01
6812,21022.50,2.50,67,13.39
6817,20873.75,2.50,82,13.20
6823,20936.25,3.75,376,12.64
6828,20826.25,3.75,73,12.64
6833,16593.75,1.25,67,12.10
6839,20441.25,3.75,49,11.92
6844,20381.25,2.50,733,12.64
6850,19950.00,2.50,41,12.64
6855,20527.50,2.50,668,13.39
6860,21000.00,2.50,627,13.58
6866,21027.50,2.50,622,12.64
6871,20286.25,2.50,701,12.83
6877,20597.50,1.25,722,13.58
6882,18860.00,2.50,634,13.01
6888,20102.50,3.75,616,13.20
6893,20146.25,2.50,602,13.96
6898,18611.25,1.25,603,14.55
6904,19856.25,3.75,601,14.75
6909,17881.25,1.25,640,15.15
6915,17718.75,2.50,580,15.35
6920,18426.25,1.25,573,15.35
6925,19411.25,2.50,591,15.15
6931,20521.25,2.50,660,14.55
6936,20435.00,2.50,676,12.64
6942,18095.00,2.50,684,13.01
6947,20081.25,2.50,656,14.16
6952,18738.75,3.75,618,14.75
6958,16698.75,3.75,585,15.55
6963,16848.75,2.50,635,16.38
6969,17026.25,1.25,72,15.15
6974,17578.75,2.50,622,15.76
6980,16766.25,1.25,582,16.38
6985,17596.25,1.25,547,17.24
6990,17030.00,1.25,80,16.60

7001,15315.00,2.50,613,16.60
7007,17295.00,1.25,606,16.81
7012,20731.25,3.75,68,13.20
7017,21017.50,2.50,651,13.20
7023,17670.00,3.75,62,12.64
7028,19150.00,1.25,675,12.64
7034,17516.25,1.25,57,12.46
7039,17450.00,1.25,74,11.92
7044,16603.75,3.75,87,12.10
7050,17951.25,2.50,68,12.28
7055,20065.00,3.75,77,12.10
7061,20553.75,3.75,68,11.92
7066,17111.25,2.50,673,12.83
7072,19265.00,3.75,673,12.28
7077,17940.00,3.75,53,12.28
7082,18100.00,2.50,37,12.10
7088,21003.75,2.50,34,11.92
7093,20698.75,2.50,738,12.46
7099,21110.00,3.75,689,12.64
7104,20736.25,2.50,713,12.64
7109,21257.50,3.75,678,13.20
7115,20972.50,1.25,638,13.20
7120,18842.50,1.25,664,13.39
7126,20250.00,2.50,736,13.20
7131,18585.00,2.50,720,13.20
7137,17760.00,2.50,65,13.20
7142,18498.75,2.50,70,12.83
7147,20481.25,3.75,64,12.83
7153,20618.75,1.25,64,12.83
7158,20356.25,2.50,65,12.83
7164,19187.50,2.50,60,12.46
7169,20467.50,3.75,59,12.28
7175,17725.00,2.50,63,12.10
7180,19738.75,2.50,70,12.10
7185,20451.25,2.50,56,11.92
7191,20286.25,2.50,59,11.92
7196,20557.50,2.50,61,12.10
7202,18368.75,2.50,63,12.28
7207,20322.50,2.50,584,13.39
7212,18708.75,2.50,658,13.58
7218,18240.00,2.50,71,13.77
7223,20572.50,2.50,66,13.39
7229,19118.75,2.50,24,13.39
7234,18408.75,3.75,70,13.20
7240,19718.75,0.00,65,13.01
7245,20753.75,1.25,69,12.28
7250,21106.25,5.00,740,12.83
7256,21122.50,2.50,690,13.39
7261,20648.75,1.25,664,13.39
7267,20848.75,5.00,81,13.20
7272,21402.50,3.75,481,11.03
7278,20822.50,3.75,719,9.35
7283,21112.50,2.50,550,8.07
7288,20938.75,2.50,387,7.30
7294,20875.00,2.50,553,6.70
7299,19672.50,2.50,752,6.40
7305,21095.00,2.50,702,5.96
7310,21617.50,3.75,631,5.67
7316,21437.50,2.50,407,5.38
7321,20738.75,3.75,493,5.10
7326,20641.25,1.25,577,4.82
7332,20493.75,2.50,737,4.40
7337,21467.50,2.50,398,4.27
7343,21151.25,3.75,388,4.13
7348,20417.50,2.50,667,3.72
7353,20950.00,2.50,343,3.19
7359,21436.25,0.00,714,2.79
7364,21043.75,3.75,345,2.92
7370,20535.00,3.75,641,2.66
7375,21370.00,3.75,301,2.79
7381,21090.00,3.75,444,2.14
7386,21620.00,2.50,651,1.64
7391,21118.75,1.25,277,1.39
7397,21403.75,3.75,537,1.26
7402,21425.00,2.50,201,0.89
7408,21781.25,3.75,614,1.26
7413,21647.50,3.75,511,0.04
7419,21357.50,3.75,510,-0.08
7424,20917.50,3.75,635,0.16
7429,17656.25,2.50,771,-0.08
7435,21650.00,5.00,840,-0.55
7440,21387.50,3.75,654,-1.02
7446,20368.75,2.50,639,-1.37
7451,20601.25,2.50,848,-1.48
7457,21183.75,3.75,438,-1.37
7462,21660.00,2.50,588,-2.05
7467,21306.25,5.00,648,-2.61
7473,21172.50,3.75,407,-2.83
7478,20518.75,2.50,742,-3.05
7484,19940.00,5.00,584,-3.37
7489,21885.00,3.75,767,-3.70
7495,21927.50,5.00,491,-3.91
7500,21297.50,3.75,882,-4.33
7506,22195.00,2.50,255,-4.54
7511,21958.75,2.50,241,-4.75
7516,21287.50,1.25,660,-4.86
7522,21487.50,3.75,655,-5.17
7527,21758.75,3.75,767,-5.27
7533,21763.75,3.75,676,-5.58
7538,22017.50,2.50,762,-6.08
7544,21985.00,3.75,251,-5.98
7549,21107.50,2.50,618,-6.08
7554,21690.00,3.75,408,-5.98
7560,20195.00,2.50,502,-6.28
7565,20908.75,3.75,704,-6.38
7571,21768.75,3.75,390,-6.48
7576,21263.75,3.75,635,-6.38
7582,21938.75,3.75,371,-5.98
7587,21833.75,3.75,644,-6.78
7592,22161.25,2.50,626,-7.36
7598,21687.50,3.75,406,-7.75
7603,21368.75,3.75,993,-7.94
7609,22042.50,3.75,282,-8.51
7614,22142.50,3.75,828,-8.70
7620,21592.50,3.75,273,-9.07
7625,21795.00,3.75,402,-9.07
7630,21780.00,3.75,551,-9.63
7636,21895.00,2.50,780,-9.99
7641,22018.75,3.75,421,-9.72

7652,21848.75,5.00,813,-10.62
7658,22078.75,5.00,292,-11.16
7663,20200.00,2.50,932,-11.69
7669,21621.25,3.75,520,-11.69
7674,21690.00,2.50,648,-12.12
7679,21767.50,3.75,418,-11.78
7685,22461.25,2.50,513,-12.56
7690,21787.50,3.75,382,-13.32
7696,21580.00,2.50,687,-12.81
7701,21808.75,3.75,881,-13.49
7707,22423.75,2.50,572,-13.91
7712,22116.25,3.75,781,-14.74
7718,22512.50,3.75,459,-14.66
7723,22055.00,2.50,171,-14.82
7728,22626.25,3.75,485,-14.41
7734,22022.50,3.75,416,-15.64
7739,22256.25,2.50,584,-14.99
7745,21980.00,3.75,565,-15.88
7750,21696.25,3.75,735,-16.36
7756,21225.00,2.50,814,-17.08
7761,22190.00,3.75,936,-17.24
7767,22065.00,2.50,764,-17.32
7772,22377.50,3.75,552,-17.95
7777,22838.75,3.75,578,-18.33
7783,22752.50,3.75,492,-18.33
7788,22037.50,1.25,471,-19.03
7794,22758.75,3.75,670,-19.03
7799,22437.50,3.75,486,-19.03
7805,22348.75,3.75,712,-19.64
7810,22382.50,3.75,537,-19.72
7816,22831.25,2.50,506,-19.79
7821,21987.50,3.75,665,-20.78
7826,22395.00,3.75,801,-20.63
7832,22322.50,2.50,303,-20.85
7837,20150.00,1.25,873,-21.23
7843,22005.00,1.25,562,-21.08
7848,22068.75,3.75,848,-21.60
7854,22761.25,3.75,374,-21.90
7859,20518.75,2.50,169,-22.64
7865,22985.00,3.75,604,-22.42
7870,22225.00,2.50,665,-22.42
7876,22560.00,2.50,402,-23.38
7881,21892.50,2.50,517,-23.30
7886,22998.75,3.75,494,-23.82
7892,21766.25,3.75,802,-24.33
7897,22505.00,3.75,766,-23.45
7903,22475.00,3.75,781,-24.40
7908,22895.00,3.75,809,-25.28
7914,22752.50,5.00,825,-25.49
7919,23077.50,2.50,637,-25.57
7925,22683.75,2.50,517,-25.78
7930,22841.25,3.75,735,-26.22
7936,22837.50,2.50,728,-26.36
7941,23080.00,5.00,711,-26.00
7946,22666.25,3.75,284,-26.00
7952,23080.00,3.75,58,-25.78
7957,22876.25,2.50,87,-25.86
7963,22700.00,1.25,511,-25.93
7968,22656.25,3.75,63,-26.29
7974,23027.50,3.75,268,-26.43
7979,22480.00,2.50,237,-26.79
7985,22701.25,3.75,742,-27.44
7990,23118.75,3.75,73,-28.16
7995,23255.00,3.75,448,-27.01
8001,22590.00,3.75,414,-27.66
8006,23156.25,3.75,569,-26.65
8012,21431.25,2.50,862,-27.88
8017,22792.50,3.75,717,-27.95
8023,21681.25,3.75,949,-28.60
8028,21175.00,3.75,753,-28.96
8034,22881.25,3.75,67,-29.53
8039,23187.50,3.75,707,-29.68
8045,22941.25,3.75,665,-29.60
8050,22790.00,2.50,255,-29.82
8055,23193.75,5.00,687,-29.75
8061,22711.25,3.75,968,-30.68
8066,22733.75,2.50,457,-31.19
8072,22875.00,3.75,680,-31.92
8077,23062.50,7.50,506,-31.77
8083,23320.00,5.00,701,-31.92
8088,23178.75,3.75,816,-32.64
8094,23476.25,3.75,506,-32.86
8099,22520.00,3.75,599,-33.08
8105,23091.25,2.50,728,-33.23
8110,22515.00,2.50,623,-33.23
8116,23312.50,3.75,313,-33.67
8121,22888.75,5.00,807,-34.63

8132,23353.75,3.75,711,-34.63
8137,23472.50,3.75,759,-34.26
8143,23641.25,3.75,454,-34.48
8148,23021.25,2.50,272,-34.77
8154,22956.25,3.75,769,-34.85
8159,23138.75,2.50,524,-35.29
8165,22955.00,1.25,617,-35.82
8170,23493.75,2.50,789,-35.74
8176,23293.75,3.75,501,-35.97
8181,23303.75,3.75,752,-35.59
8186,22953.75,3.75,649,-36.87
8192,23197.50,3.75,628,-36.65
8197,22768.75,2.50,560,-36.57
8203,23158.75,3.75,487,-36.04
8208,22923.75,3.75,712,-36.80
8214,22955.00,2.50,436,-37.71
8219,22862.50,3.75,751,-38.02
8225,23232.50,2.50,807,-38.10
8230,22997.50,5.00,628,-38.17
8236,23448.75,2.50,588,-38.87
8241,23210.00,3.75,437,-38.95
8247,23258.75,3.75,152,-40.14
8252,23310.00,3.75,274,-40.62
8257,23826.25,2.50,702,-40.86
8263,23078.75,5.00,554,-40.46
8268,23526.25,3.75,349,-41.11
8274,23810.00,5.00,779,-40.62
8279,23293.75,3.75,498,-41.93
8285,23456.25,3.75,692,-42.26
8290,23035.00,3.75,584,-41.43
8296,23627.50,3.75,870,-41.93
8301,23567.50,3.75,798,-41.60
8307,24012.50,3.75,416,-42.93
8312,22898.75,3.75,661,-43.27
8318,23140.00,3.75,520,-43.18
8323,23800.00,2.50,582,-43.78
8328,23418.75,5.00,623,-44.04
8334,23283.75,3.75,560,-44.04
8339,23575.00,3.75,959,-44.13
8345,23558.75,5.00,614,-43.96
8350,23596.25,3.75,645,-45.01
8356,22462.50,2.50,657,-45.82
8361,23716.25,3.75,801,-45.55
8367,23726.25,2.50,617,-44.92
8372,23490.00,2.50,540,-45.91
8378,23648.75,3.75,750,-46.55
8383,22257.50,3.75,512,-47.21
8389,23597.50,3.75,742,-46.65
8394,23347.50,5.00,781,-46.74
8400,23242.50,2.50,437,-47.02
8405,23898.75,5.00,754,-47.68
8410,23717.50,3.75,698,-47.40
8416,23292.50,3.75,520,-45.37
8421,23693.75,5.00,642,-46.28
8427,22720.00,5.00,796,-46.55
8432,22755.00,3.75,797,-46.55
8438,23818.75,2.50,772,-46.83
8443,23845.00,3.75,349,-47.11
8449,23792.50,2.50,684,-47.68
8454,23592.50,5.00,89,-47.21
8460,24103.75,3.75,190,-47.11
8465,23878.75,3.75,453,-46.46
8471,23056.25,3.75,922,-46.65
8476,22497.50,3.75,688,-46.09
8482,23736.25,2.50,639,-46.65
8487,24233.75,3.75,850,-46.46
8493,23753.75,3.75,662,-46.09
8498,24025.00,2.50,686,-45.10
8503,23572.50,2.50,252,-46.28
8509,23675.00,3.75,502,-46.83
8514,23481.25,3.75,61,-47.30
8520,23252.50,3.75,837,-46.65
8525,23267.50,3.75,888,-46.28
8531,22370.00,3.75,739,-46.74
8536,24045.00,3.75,811,-46.18
8542,22061.25,3.75,55,-46.18
8547,23847.50,3.75,507,-46.28
8553,23961.25,3.75,803,-46.00
8558,22991.25,3.75,888,-45.73
8564,23907.50,3.75,686,-45.82
8569,23705.00,3.75,615,-46.37
8575,24153.75,2.50,648,-46.18
8580,24031.25,2.50,697,-45.37
8586,23723.75,3.75,695,-45.37
8591,23813.75,5.00,428,-46.00
8596,23111.25,5.00,321,-44.83
8602,23203.75,3.75,520,-43.35
8607,23987.50,2.50,690,-44.04
8613,22356.25,2.50,877,-45.55
8618,23861.25,3.75,738,-45.10
8624,24315.00,3.75,656,-45.64
8629,23621.25,3.75,390,-45.55
8635,23938.75,3.75,399,-45.91
8640,23498.75,3.75,835,-45.55
8646,23412.50,2.50,481,-46.09
8651,23515.00,5.00,832,-45.64
8657,23596.25,3.75,661,-45.82
8662,23470.00,3.75,719,-45.91
8668,22938.75,3.75,909,-46.28
8673,23150.00,2.50,828,-47.02
8679,23703.75,3.75,726,-46.37
8684,23872.50,2.50,838,-45.46
8690,23612.50,3.75,538,-46.18
8695,24001.25,5.00,642,-46.28
8701,23465.00,2.50,601,-46.46
8706,23710.00,5.00,834,-45.28
8711,23987.50,3.75,793,-46.09
8717,23697.50,3.75,635,-45.82
8722,23617.50,2.50,888,-47.11
8728,23835.00,3.75,815,-46.65
8733,24141.25,3.75,486,-47.11
8739,24170.00,2.50,898,-47.40
8744,24025.00,3.75,666,-46.74
8750,23580.00,2.50,752,-47.02
8755,23966.25,5.00,895,-47.59
8761,24298.75,3.75,676,-46.65
8766,23705.00,2.50,404,-47.21
8772,23360.00,3.75,639,-45.64
8777,23916.25,3.75,315,-46.28
8783,24292.50,2.50,212,-46.18
8788,24366.25,5.00,125,-46.83
8794,23643.75,3.75,454,-47.30
8799,24170.00,3.75,373,-47.49
8805,24057.50,3.75,99,-47.11
8810,23713.75,3.75,260,-46.65
8816,22935.00,2.50,612,-46.93
8821,24093.75,3.75,812,-45.46
8827,23335.00,5.00,538,-46.09
8832,23581.25,3.75,181,-45.82
8837,23787.50,3.75,333,-46.65
8843,24145.00,3.75,457,-46.46
8848,23427.50,3.75,456,-46.83
8854,23841.25,5.00,688,-47.59
8859,23720.00,3.75,370,-47.21
8865,24235.00,2.50,563,-47.02
8870,24081.25,5.00,373,-45.64
8876,24300.00,5.00,810,-46.83
8881,24228.75,5.00,581,-45.37
8887,23700.00,3.75,637,-46.18
8892,24210.00,5.00,648,-46.00
8898,23151.25,3.75,626,-47.30
8903,23701.25,3.75,903,-47.59
8909,24162.50,3.75,869,-46.28
8914,23448.75,2.50,676,-47.11
8920,23975.00,5.00,518,-46.00
8925,23770.00,3.75,530,-46.37
8930,23922.50,5.00,510,-46.28
8935,23757.50,3.75,765,-46.18
8941,23766.25,3.75,783,-46.28
8946,24283.75,3.75,545,-45.82
8951,23818.75,3.75,492,-45.37
8956,23965.00,3.75,706,-45.82
8961,23761.25,3.75,634,-46.09
8966,23636.25,5.00,839,-44.83
8971,23643.75,3.75,811,-43.96
8976,23905.00,3.75,748,-44.22
8982,23790.00,5.00,979,-46.00

8992,23876.25,5.00,1121,-44.83
8997,23736.25,3.75,862,-44.39
9002,23510.00,3.75,1012,-43.35
9007,22622.50,2.50,914,-43.78
9012,23238.75,2.50,64,-43.87
9017,19103.75,2.50,1110,-43.61
9022,20046.25,3.75,1192,-43.18
9028,19895.00,3.75,96,-43.18
9033,19451.25,3.75,1180,-42.93
9038,19293.75,3.75,68,-42.43
9043,20860.00,2.50,891,-42.59
9048,23445.00,5.00,745,-42.01
9053,23083.75,2.50,755,-41.51
9058,23977.50,5.00,778,-42.26
9063,21550.00,3.75,1001,-42.09
9069,22722.50,3.75,929,-41.60
9074,23646.25,5.00,1025,-40.86
9079,23608.75,3.75,942,-41.02
9084,19831.25,2.50,937,-40.46
9089,22872.50,3.75,821,-40.22
9094,21547.50,2.50,998,-40.38
9099,23540.00,5.00,942,-40.46
9104,23642.50,3.75,903,-40.22
9110,23328.75,5.00,609,-40.14
9115,23622.50,3.75,584,-40.38
9120,23980.00,3.75,349,-39.42
9125,24150.00,5.00,96,-39.82
9130,23306.25,2.50,150,-40.06
9135,23856.25,3.75,408,-39.03
9140,24018.75,5.00,216,-38.87
9145,23368.75,3.75,446,-39.11
9151,23923.75,3.75,705,-39.58
9156,23863.75,3.75,693,-40.22
9161,23543.75,2.50,577,-40.30
9166,23020.00,2.50,708,-40.38
9171,22836.25,6.25,798,-40.22
9176,23145.00,3.75,846,-40.22
9181,22792.50,2.50,663,-40.38
9186,23082.50,2.50,763,-40.38
9192,23441.25,3.75,822,-40.62
9197,23327.50,3.75,638,-40.14
9202,23766.25,3.75,696,-39.50
9207,23768.75,5.00,664,-39.90
9212,23287.50,2.50,940,-39.66
9217,23692.50,3.75,686,-39.66
9222,23673.75,2.50,778,-40.86
9227,23330.00,3.75,895,-40.46
9233,23691.25,5.00,798,-40.54
9238,23385.00,3.75,794,-41.84
9243,23483.75,3.75,767,-41.51
9248,23140.00,3.75,307,-41.84
9253,23852.50,3.75,421,-40.38
9258,23877.50,5.00,565,-41.11
9263,23640.00,3.75,588,-40.62
9268,22611.25,3.75,597,-40.22
9274,23292.50,1.25,51,-40.86
9279,19295.00,3.75,957,-40.14
9284,18520.00,3.75,1127,-39.98
9289,21847.50,3.75,1032,-40.78
9294,22941.25,2.50,723,-41.19
9299,23340.00,3.75,176,-41.43
9304,22328.75,2.50,307,-41.19
9309,21017.50,3.75,796,-40.62
9315,19251.25,3.75,1008,-41.19
9320,23193.75,2.50,955,-42.59
9325,23010.00,3.75,865,-43.27
9330,23418.75,3.75,826,-42.59
9335,22950.00,3.75,705,-41.43
9340,23735.00,5.00,883,-41.51
9345,23692.50,3.75,736,-41.27
9350,23541.25,5.00,637,-40.46
9355,23910.00,3.75,478,-41.35
9361,23486.25,5.00,472,-41.35
9366,23282.50,3.75,235,-40.62
9371,23342.50,5.00,577,-41.43
9376,23197.50,3.75,672,-41.84
9381,23422.50,3.75,430,-41.19
9386,23477.50,3.75,621,-40.70
9391,23768.75,2.50,232,-41.51
9396,23303.75,5.00,62,-41.35
9402,23348.75,5.00,86,-41.93
9407,23883.75,5.00,127,-41.35
9412,23637.50,5.00,766,-41.27
9417,23236.25,3.75,735,-40.22
9422,22893.75,3.75,636,-41.02
9427,23265.00,2.50,260,-42.09
9432,23887.50,3.75,498,-41.84
9437,23410.00,5.00,889,-41.27
9443,22573.75,3.75,955,-41.19
9448,18877.50,2.50,939,-41.68
9453,20157.50,2.50,775,-41.51
9458,22632.50,5.00,917,-42.43
9463,23185.00,3.75,619,-41.68
9468,23466.25,5.00,330,-42.17
9473,23790.00,5.00,115,-42.09
9478,23400.00,3.75,106,-42.68
9484,24027.50,5.00,241,-42.17
9489,23802.50,3.75,547,-42.76
9494,23475.00,6.25,921,-42.26
9499,19916.25,3.75,1082,-42.17
9504,22907.50,2.50,118,-43.01
9509,23531.25,3.75,474,-42.34
9514,23446.25,2.50,673,-42.68
9519,23697.50,2.50,820,-43.01
9525,23748.75,2.50,400,-43.35
9530,23550.00,3.75,83,-43.01
9535,23646.25,3.75,292,-43.18
9540,23900.00,3.75,132,-42.34
9545,23951.25,3.75,85,-42.85
9550,22198.75,3.75,100,-41.43
9555,20421.25,3.75,548,-41.93
9560,21321.25,3.75,682,-42.01
9566,20976.25,2.50,1205,-42.76
9571,23597.50,2.50,904,-42.17
9576,24153.75,2.50,295,-41.68
9581,24173.75,2.50,500,-42.17
9586,23655.00,2.50,668,-42.76
9591,23875.00,2.50,371,-42.09
9596,21213.75,2.50,66,-41.68
9601,24125.00,3.75,92,-41.35
9607,23563.75,2.50,95,-42.34
9612,20420.00,3.75,415,-43.01
9617,20233.75,1.25,1069,-42.76
9622,23673.75,3.75,1152,-42.34
9627,21475.00,2.50,455,-42.59
9632,22997.50,2.50,87,-42.26
9637,19121.25,1.25,170,-42.01
9642,23318.75,3.75,1195,-42.01
9648,24155.00,3.75,861,-42.09
9653,23556.25,5.00,304,-42.09
9658,23473.75,3.75,113,-42.43
9663,19353.75,2.50,185,-42.26
9668,19857.50,3.75,89,-43.10
9673,23825.00,3.75,1031,-43.70
9678,20853.75,1.25,543,-43.96
9683,24077.50,2.50,142,-42.34
9689,23590.00,2.50,86,-43.10
9694,19770.00,3.75,325,-43.27
9699,19935.00,2.50,973,-44.30
9704,23198.75,3.75,266,-44.30
9709,19303.75,3.75,790,-43.35
9714,23318.75,5.00,904,-42.59
9719,23222.50,3.75,899,-43.87
9724,23031.25,2.50,712,-44.92
9729,23345.00,5.00,521,-45.19
9735,23160.00,2.50,574,-45.10
9740,23288.75,3.75,634,-45.64
9745,23590.00,3.75,716,-45.91
9750,23865.00,5.00,777,-45.64
9755,23921.25,2.50,560,-45.73
9760,23417.50,2.50,623,-44.39
9765,23668.75,2.50,293,-45.37
9770,23840.00,2.50,741,-43.78
9776,23563.75,5.00,819,-44.30
9781,23590.00,2.50,792,-43.78
9786,23455.00,2.50,881,-44.48
9791,23097.50,2.50,796,-44.74
9796,23682.50,3.75,583,-45.64
9801,23336.25,5.00,620,-45.73
9806,23142.50,1.25,560,-43.61
9811,23418.75,5.00,610,-44.66
9817,23608.75,5.00,605,-43.70
9822,23683.75,3.75,651,-45.37
9827,24007.50,3.75,91,-46.09
9832,24083.75,3.75,216,-45.46
9837,20513.75,3.75,106,-45.19
9842,24053.75,5.00,412,-45.82
9847,23477.50,3.75,901,-46.28
9852,23052.50,2.50,993,-45.82
9858,22125.00,3.75,1021,-44.92
9863,23010.00,3.75,972,-44.83
9868,22601.25,2.50,1032,-44.92
9873,22460.00,3.75,1215,-44.74
9878,22308.75,3.75,1089,-44.57
9883,23438.75,5.00,703,-44.57
9888,21578.75,3.75,596,-44.57
9893,23986.25,3.75,65,-44.57
9899,22587.50,3.75,87,-43.35
9904,19045.00,2.50,548,-42.68
9909,21251.25,2.50,125,-42.17
9914,23691.25,2.50,1118,-40.86
9919,21057.50,1.25,670,-40.62
9924,24106.25,2.50,175,-40.62
9929,23337.50,3.75,90,-40.22
9934,18790.00,2.50,332,-39.50
9940,20585.00,3.75,1048,-39.50
9945,23783.75,2.50,106,-39.90
9950,21577.50,2.50,177,-39.66
9955,23892.50,2.50,87,-39.19
9960,22782.50,2.50,164,-39.19
9965,19878.75,2.50,629,-39.19
9970,20853.75,2.50,1097,-39.19
9975,23065.00,5.00,121,-39.11
9981,23971.25,3.75,932,-38.87
9986,21590.00,3.75,519,-38.87
9991,23926.25,3.75,93,-38.33
9996,21915.00,2.50,101,-38.02
745,-37.94
196,-38.10
852,-38.17
97,-37.87
96,-37.79
680,-38.25
1045,-39.03
190,-38.95
738,-39.42
579,-40.30
822,-40.22
411,-41.11
88,-42.01
124,-42.85
205,-42.59
100,-42.51
190,-42.76
565,-42.34
251,-42.68
147,-43.27
1019,-43.53
162,-43.61
1014,-43.27
1060,-42.51
1123,-43.10
1151,-43.78
1114,-43.96
205,-44.30
783,-43.78
176,-42.76
331,-43.61
187,-43.35
84,-43.87
253,-42.43
307,-41.43
646,-42.51
1126,-43.10
190,-42.85
143,-43.01
723,-43.27
152,-43.27
259,-42.68
177,-42.26
492,-42.09
287,-42.51
98,-43.61
412,-43.35
581,-43.10
342,-43.61
92,-44.04
439,-44.48
474,-43.87
68,-43.44
128,-43.44
326,-42.34
95,-42.68
157,-43.35
565,-42.09
414,-41.84
712,-41.43
1027,-41.43
990,-40.70
71,-41.84
132,-41.93
994,-41.02
1039,-41.43
977,-41.76
711,-42.85
676,-42.93
517,-43.10
831,-42.59
687,-42.17
697,-40.94
926,-40.38
771,-40.86
791,-40.70
817,-40.54
633,-40.38
851,-39.82
804,-40.14
638,-39.98
711,-40.62
512,-40.78
906,-39.42
754,-39.66
767,-40.06
869,-41.02
900,-41.02
891,-42.59
798,-43.61
940,-42.68
660,-42.09
716,-43.18
605,-42.26
50,-42.43
846,-41.60
493,-41.68
712,-42.09
854,-41.68
761,-41.35
1030,-41.02
485,-41.27
664,-42.09
668,-41.02
778,-41.11
919,-41.43
823,-41.11
722,-41.35
953,-42.68
522,-42.59
355,-42.09
943,-42.76
855,-43.96
639,-43.44
814,-42.85
637,-42.76
284,-42.17
518,-42.17
498,-42.09
818,-41.27
845,-40.62
925,-40.30
681,-40.70
1051,-40.70
701,-41.35
917,-41.84
805,-41.35
905,-41.27
772,-40.70
42,-40.06
758,-40.14
648,-40.06
858,-40.06
524,-40.54
836,-39.58
613,-39.66
788,-38.64
882,-39.42
631,-39.03
1004,-38.25
442,-38.33
959,-38.80
746,-39.03
88,-38.33
964,-39.27
918,-38.95
32,-40.70
644,-44.22
575,-45.28
919,-46.28
924,-47.02
855,-47.21
386,-47.40
711,-47.11
615,-47.30
87,-46.65
132,-45.55
607,-45.10
836,-44.66
606,-45.46
101,-46.65
91,-47.40
187,-47.02
185,-46.46
44,-45.82
156,-45.73
170,-45.37
186,-45.28
197,-45.01
131,-44.30
169,-44.57
184,-44.48
589,-43.61
113,-43.01
350,-42.85
54,-42.85
178,-42.85
122,-43.01
117,-43.01
705,-43.27
898,-43.44
494,-44.39
481,-44.57
228,-45.82
356,-45.64
289,-45.91
359,-46.93
412,-46.55
189,-47.21
307,-47.59
118,-49.56
97,-48.17
70,-48.75
173,-47.68
339,-47.68
143,-46.93
148,-47.97
264,-47.30
133,-47.59
1009,-46.93
60,-46.55
142,-47.30
176,-47.02
354,-46.55
194,-47.49
76,-46.55
80,-47.30
68,-45.10
347,-44.30
765,-43.10
108,-42.26
265,-42.09
105,-40.62
393,-39.19
126,-38.48
301,-37.18
265,-35.82
833,-35.37
107,-34.92
274,-34.18
279,-33.52
305,-31.92
338,-30.76
331,-29.82
247,-29.03
56,-28.38
488,-27.23
278,-26.79
656,-26.36
223,-25.57
280,-24.69
182,-23.96
66,-23.23
623,-22.42
311,-21.45
311,-20.40
108,-19.49
52,-18.18
178,-17.48
530,-15.88
45,-15.64
261,-14.08
646,-11.95
337,-10.89
509,-10.17
741,-8.79
104,-8.42
92,-7.75
487,-6.88
97,-6.18
154,-5.58
133,-4.44
112,-3.27
797,-1.82
323,0.52
155,0.64
375,2.40
1043,1.89
558,4.68
231,5.96
